p=[.6,1,1.4,1.8,2.2,2.6,3,3.4,3.8,4.2,4.6,5,5.4];
k = [5.89,4.68,4.1,3.45,3.25,2.69,2.25,1.92,1.55,1.45,1.19,.99,.84];
