v1 = [1;1;1];
v2 = [2;3;4];
v3 = v1+v2
v2-v1
