A  = [0 0 -.5 .45; 0 .5 -1 -.45; 0 .5 0 -.55; 1 .5 0 .5];
B = [-1000;0;0;1500];
x = A\B;